1 2 1 2 1 1 1 1 1 10 ? ? 
2 ? ? ? ? ? ? ? ? ? ? ? 
3 ? ? ? ? ? ? ? ? ? ? ? 
5 1 1 1 1 1 1 2 2 10 ? ? 
6 1 1 1 1 1 1 2 4 12 11 4 
7 2 1 1 1 1 1 2 2 11 18 3 
8 1 4 1 1 1 1 2 2 13 10 4 
9 1 1 1 2 1 1 5 2 14 10 4 
10 1 1 2 1 1 1 1 1 9 8 5 
11 1 4 1 1 1 1 2 4 15 9 4 
12 1 1 1 1 1 1 2 1 9 9 5 
13 4 1 1 2 1 1 2 4 16 11 4 
14 1 1 1 1 1 1 1 1 8 ? ? 
15 1 1 1 1 1 4 3 4 16 ? ? 
16 ? ? ? ? ? ? ? ? ? ? ? 
17 1 1 2 2 1 1 5 1 14 14 3 
18 2 4 1 1 1 1 1 1 12 12 3 
19 ? ? ? ? ? ? ? ? 0 ? ? 
20 1 1 1 1 1 1 2 1 9 11 4 
21 1 2 1 2 1 1 1 4 13 ? ? 
22 1 1 1 1 1 4 2 1 12 ? ? 
23 ? ? ? ? ? ? ? ? 0 12 5 
24 1 1 4 1 1 4 2 4 18 13 3 
25 1 1 1 2 1 4 2 2 14 ? ? 
26 2 1 1 1 1 1 1 1 9 ? ? 
27 1 1 4 1 1 1 2 2 13 10 4 
28 1 1 4 1 1 1 1 2 12 ? ? 
29 1 1 1 1 1 4 2 1 12 ? ? 
30 4 1 1 1 1 1 2 1 12 ? ? 
31 1 1 1 1 1 4 2 1 12 8 5 
33 4 1 1 4 2 4 5 4 25 14 3 
34 3 1 2 1 1 4 2 2 16 13 5 
35 1 1 1 3 2 4 4 4 20 ? ? 
36 ? ? ? ? ? ? ? ? ? ? ? 
37 4 1 1 1 1 4 1 2 15 ? ? 
38 1 2 4 3 2 4 3 5 24 ? ? 
39 4 2 3 2 1 4 4 4 24 ? ? 
40 2 4 1 1 1 1 1 1 12 17 3 
41 1 1 2 1 1 1 1 3 11 11 4 
42 4 1 1 1 1 4 2 1 15 13 3 
43 1 1 1 1 1 1 2 4 12 15 4 
44 ? ? ? ? ? ? ? ? ? ? ? 
45 2 5 4 4 1 4 5 5 30 ? ? 
47 1 1 2 2 1 2 2 2 13 15 2 
48 ? ? ? ? ? ? ? ? ? ? ? 
49 ? ? ? ? ? ? ? ? ? ? ? 
50 1 1 2 1 1 1 1 1 9 ? ? 
51 1 1 1 1 1 1 2 1 9 11 4 
52 2 4 1 5 1 ? 2 4 19 ? ? 
53 2 1 1 1 2 4 2 4 17 ? ? 
54 1 2 1 3 3 4 4 1 19 20 3 
55 ? 1 2 2 1 1 ? 2 9 ? ? 
56 1 2 2 1 1 1 4 1 13 11 3 
57 ? ? ? ? ? ? ? ? 0 ? ? 
58 ? ? ? ? ? ? ? ? ? ? ? 
59 1 1 1 1 1 1 1 1 8 10 4 
60 1 1 1 1 1 1 2 2 10 ? ? 
61 ? ? ? ? ? ? ? ? ? ? ? 
62 ? ? ? ? ? ? ? ? 0 ? ? 
63 2 4 2 2 1 1 4 4 20 ? ? 
64 ? ? ? ? ? ? ? ? ? ? ? 
65 ? ? ? ? ? ? ? ? ? ? ? 
66 1 4 1 2 1 4 2 1 16 14 3 
67 1 2 4 2 1 1 3 1 15 12 4 
68 ? ? ? ? ? ? ? ? ? ? ? 
69 2 1 1 1 1 1 3 2 12 ? ? 
70 2 1 1 2 1 4 2 2 15 16 4 
71 2 1 4 2 1 1 2 1 14 13 3 
72 1 2 1 2 1 4 4 4 19 ? ? 
73 1 1 4 1 1 1 2 1 12 13 5 
74 1 4 1 1 1 1 3 4 16 ? ? 
75 ? ? ? ? ? ? ? ? 0 ? ? 
76 5 5 4 2 2 4 5 4 31 ? ? 
77 1 1 1 1 1 1 1 1 8 17 4 
78 ? ? ? ? ? ? ? ? ? 13 4 
79 3 1 1 1 1 1 2 4 14 ? ? 
80 1 2 2 1 1 1 3 4 15 11 4 
81 1 1 1 1 1 1 1 1 8 12 5 
82 1 1 4 3 1 4 3 2 19 21 2 
83 1 1 1 1 1 1 3 4 13 14 6 
84 1 4 1 1 1 4 2 1 15 13 4 
85 1 4 2 1 1 1 4 4 18 12 3 
86 ? ? ? ? ? ? ? ? ? ? ? 
87 1 1 4 2 1 1 1 1 12 10 5 
88 1 4 1 1 1 1 3 1 13 13 3 
89 1 1 1 1 1 1 1 4 11 13 5 
90 2 2 1 1 1 1 3 2 13 ? ? 
91 4 1 1 2 1 4 2 4 19 ? ? 
92 1 1 4 2 1 1 2 4 16 ? ? 
93 4 1 1 2 1 1 2 4 16 ? ? 
94 ? ? ? ? ? ? ? ? ? ? ? 
95 2 2 4 2 1 4 2 4 21 ? ? 
96 4 1 1 1 1 4 3 1 16 11 5 
97 4 4 4 2 1 1 3 1 20 ? ? 
98 2 4 2 2 1 2 1 4 18 11 3 
99 1 4 2 2 1 1 2 1 14 13 5 
100 2 1 1 2 1 1 2 4 14 13 4 
101 1 2 1 2 1 1 3 2 13 13 3 
102 ? ? ? ? ? ? ? ? ? ? ? 
103 1 2 1 1 1 4 1 4 15 14 2 
104 5 5 2 4 2 4 3 4 29 27 0 
105 1 1 1 4 1 4 2 2 16 14 4 
106 1 1 1 1 1 1 2 4 12 11 6 
107 1 1 4 3 1 4 2 2 18 ? ? 
108 1 1 1 1 1 1 2 1 9 9 5 
109 ? ? ? ? ? ? ? ? ? 13 5 
110 1 1 2 2 1 1 2 1 11 14 5 
111 1 2 4 2 1 4 1 4 19 16 4 
112 1 2 2 1 1 4 1 6 20 ? ? 
113 1 4 1 1 1 1 1 4 14 12 2 
114 1 1 1 1 1 1 1 1 8 12 5 
115 4 2 4 1 1 1 4 1 18 11 3 
116 ? ? ? ? ? ? ? ? 0 ? ? 
117 4 4 1 2 1 4 3 4 23 14 2 
118 1 4 2 1 1 1 2 1 13 15 4 
119 2 1 1 1 1 1 1 4 12 9 4 
120 2 1 2 1 1 1 2 1 11 12 3 
122 5 1 5 2 1 1 1 1 17 ? ? 
123 2 1 4 1 1 1 4 1 15 11 4 
124 2 1 1 1 1 1 2 2 11 15 3 
125 ? ? ? ? ? ? ? ? ? ? ? 
126 1 4 1 1 1 1 2 1 12 ? ? 
127 3 2 1 1 1 4 5 2 19 13 4 
128 4 4 4 5 1 3 4 1 26 16 2 
129 4 2 1 2 1 4 4 2 20 ? ? 
130 2 2 2 2 1 1 3 4 17 ? ? 
131 1 1 1 1 1 1 2 1 9 ? ? 
132 1 4 1 1 1 1 2 4 15 14 6 
133 1 1 1 2 1 1 2 4 13 ? ? 
134 1 4 2 2 1 1 4 1 16 15 3 
135 ? ? ? ? ? ? ? ? ? ? ? 
136 2 4 4 4 2 4 5 2 27 ? ? 
137 4 4 4 4 2 4 5 4 31 ? ? 
138 4 5 4 2 1 4 2 4 26 24 2 
139 1 1 1 1 1 1 1 4 11 ? ? 
140 1 2 1 1 1 1 3 1 11 ? ? 
141 4 1 1 2 1 4 1 4 18 15 2 
142 2 1 4 2 1 1 2 1 14 ? ? 
143 1 1 2 5 1 1 2 1 14 ? ? 
144 1 1 1 1 1 1 2 1 9 9 5 
145 1 1 1 1 1 1 2 4 12 11 4 
146 1 1 1 1 1 1 3 1 10 13 3 
147 1 1 1 1 1 4 2 1 12 10 4 
148 1 1 4 1 1 4 2 1 15 11 4 
149 1 1 1 2 1 1 1 2 10 12 2 
150 1 1 4 1 1 1 2 2 13 8 7 
151 1 1 1 1 1 2 1 1 9 9 4 
152 1 1 1 1 1 1 1 1 8 9 4 
153 2 2 2 5 1 2 4 4 22 ? ? 
154 5 4 5 5 4 5 5 4 37 ? ? 
155 4 1 1 1 1 4 1 2 15 10 6 
156 2 2 4 2 1 1 3 4 19 14 2 
157 1 1 2 2 1 1 2 1 11 ? ? 
158 1 1 1 1 1 1 1 1 8 11 4 
159 1 1 2 1 6 6 6 6 29 ? ? 
160 1 1 1 2 1 1 2 4 13 ? ? 
161 1 4 1 2 1 5 3 4 21 11 4 
162 2 1 4 1 1 1 1 1 12 ? ? 
163 2 1 1 1 1 1 3 2 12 12 5 
164 1 1 2 1 1 1 1 1 9 12 4 
165 1 1 1 2 1 4 5 4 19 ? ? 
166 ? ? ? ? ? ? ? ? ? ? ? 
167 1 1 1 1 1 1 1 1 8 13 3 
168 ? ? ? ? ? ? ? ? ? ? ? 
169 1 1 2 1 1 4 3 2 15 ? ? 
171 1 1 1 1 1 4 3 1 13 ? ? 
172 1 1 1 1 1 1 1 1 8 9 4 
173 2 4 2 2 1 1 3 1 16 ? ? 
174 1 2 1 2 1 4 2 4 17 ? ? 
175 1 1 1 1 1 1 4 4 14 3 14 
176 1 1 1 2 1 1 1 1 9 10 6 
177 2 1 4 1 2 1 1 1 13 10 5 
178 2 1 4 1 1 1 2 1 13 9 5 
179 3 4 2 1 1 1 1 1 16 ? ? 
180 1 1 4 3 1 4 2 2 18 ? ? 
181 4 2 2 4 2 4 4 1 23 17 4 
182 4 1 1 1 1 1 1 2 12 12 5 
183 ? ? ? ? ? ? ? ? ? ? ? 
184 1 1 1 2 2 1 4 4 16 12 4 
185 4 1 1 1 1 1 2 2 13 ? ? 
186 2 1 1 1 1 1 2 1 10 8 5 
187 1 1 1 2 2 1 2 1 11 12 5 
188 4 5 2 5 4 3 2 4 29 ? ? 
189 2 1 4 1 1 1 2 1 13 14 3 
190 4 1 1 2 1 1 2 1 13 8 5 
191 5 4 4 1 2 4 3 4 27 ? ? 
192 4 1 1 1 1 1 1 1 11 ? ? 
193 1 1 1 2 1 4 3 2 15 ? ? 
194 2 4 2 3 1 4 2 4 22 ? ? 
195 2 1 1 2 1 1 2 1 11 ? ? 
196 1 1 1 1 1 4 1 4 14 10 4 
197 1 1 1 2 1 1 1 1 9 ? ? 
198 ? ? ? ? ? ? ? ? ? ? ? 
199 1 1 2 4 1 4 2 4 19 ? ? 
200 2 4 4 3 1 4 3 2 23 24 1 
201 1 1 1 2 1 1 2 1 10 10 4 
202 4 1 1 1 2 4 4 1 18 ? ? 
203 ? ? ? ? ? ? ? ? ? ? ? 
204 ? ? ? ? ? ? ? ? ? ? ? 
205 1 1 4 1 1 1 2 4 15 12 5 
206 4 2 4 2 1 1 2 4 20 ? ? 
207 ? ? ? ? ? ? ? ? ? ? ? 
208 4 1 2 2 1 1 2 1 14 12 4 
209 2 1 1 2 1 4 2 1 14 ? ? 
210 4 1 4 2 1 1 1 1 15 16 4 
211 4 1 1 1 1 1 2 1 12 11 4 
212 5 4 5 5 4 3 3 2 32 ? ? 
213 ? ? ? ? ? ? ? ? ? ? ? 
214 5 4 2 4 3 5 5 1 29 29 0 
215 4 2 4 2 1 4 3 4 24 27 0 
216 1 1 1 2 1 1 1 4 12 11 5 
217 ? ? ? ? ? ? ? ? ? ? ? 
218 4 4 4 3 3 4 5 4 31 ? ? 
219 ? ? ? ? ? ? ? ? ? ? ? 
220 1 1 1 2 1 1 2 1 10 12 4 
221 2 2 1 1 1 1 2 2 12 ? ? 
222 1 1 1 1 1 2 2 1 10 14 4 
223 1 2 2 1 2 4 2 1 15 13 3 
224 ? ? ? ? ? ? ? ? ? ? ? 
225 1 1 2 1 1 1 1 4 12 ? ? 
226 ? ? ? ? ? ? ? ? ? ? ? 
227 1 4 1 2 1 4 1 1 15 ? ? 
228 1 1 1 1 1 1 1 2 9 ? ? 
229 2 1 1 2 1 4 4 1 16 ? ? 
230 2 1 1 1 1 1 2 1 10 12 4 
231 1 1 1 1 1 1 3 1 10 ? ? 
232 1 4 2 3 1 4 2 4 21 ? ? 
233 1 2 1 1 1 1 1 2 10 10 4 
234 1 1 4 2 1 1 2 4 16 ? ? 
235 1 1 1 2 1 1 2 4 13 11 4 
236 1 1 1 2 1 1 3 4 14 11 4 
237 1 1 1 1 1 1 1 1 8 12 6 
238 4 4 1 2 1 4 2 2 20 ? ? 
239 1 2 1 2 2 1 2 1 12 11 4 
240 ? ? ? ? ? ? ? ? ? ? ? 
241 4 1 1 1 1 4 2 1 15 13 4 
242 5 5 4 3 1 4 ? ? 22 ? ? 
243 4 4 2 3 1 4 2 4 24 ? ? 
244 1 1 1 3 1 1 3 1 12 19 3 
245 2 2 1 1 1 1 2 2 12 ? ? 
246 1 1 2 1 1 1 2 4 13 ? ? 
247 1 1 1 1 1 1 1 1 8 24 1 
248 1 1 1 1 1 1 1 4 11 12 4 
249 4 4 2 1 1 1 2 1 16 10 4 
250 2 1 1 2 1 4 3 1 15 ? ? 
251 2 4 4 1 1 4 2 1 19 12 5 
252 1 1 1 1 1 4 1 1 11 ? ? 
253 4 1 1 2 1 1 2 1 13 12 5 
254 4 1 2 1 1 2 2 1 14 ? ? 
255 1 4 4 2 1 4 2 4 22 15 4 
256 4 2 2 1 1 1 2 1 14 10 4 
257 4 4 4 5 1 4 5 4 31 ? ? 
258 2 1 2 2 1 4 3 4 19 ? ? 
259 4 1 2 1 1 1 2 4 16 ? ? 
260 ? ? ? ? ? ? ? ? ? ? ? 
262 1 1 1 2 1 4 4 1 15 16 4 
263 1 1 2 1 1 4 2 4 16 ? ? 
264 1 1 1 1 1 1 1 1 8 15 4 
265 1 1 4 1 1 1 2 1 12 16 3 
266 1 1 1 1 1 1 2 1 9 13 6 
267 2 4 1 1 1 1 2 2 14 ? ? 
268 1 4 1 1 1 1 1 1 11 10 5 
269 4 1 4 2 1 1 2 4 19 12 4 
270 1 1 1 1 1 1 2 1 9 10 4 
271 1 1 1 1 1 1 2 4 12 10 5 
272 ? ? ? ? ? ? ? ? ? ? ? 
273 4 1 4 1 1 1 1 2 15 9 5 
274 1 2 1 2 1 1 2 4 14 13 5 
275 1 1 2 2 1 4 4 4 19 ? ? 
276 4 5 5 5 4 4 4 4 36 28 1 
278 ? ? ? ? ? ? ? ? ? ? ? 
279 2 1 1 1 1 1 1 4 12 ? ? 
280 3 5 2 3 1 4 3 4 25 ? ? 
281 2 4 1 1 1 1 4 4 18 13 5 
282 3 1 1 2 1 1 4 1 14 11 5 
283 2 1 1 2 1 1 2 4 14 11 6 
284 4 2 2 2 4 1 2 2 19 ? ? 
285 2 1 1 1 1 1 2 1 10 11 4 
286 1 2 4 2 1 1 3 4 18 ? ? 
287 ? ? ? ? ? ? ? ? ? ? ? 
288 1 1 1 1 1 1 3 1 10 8 5 
289 4 4 4 4 1 4 4 4 29 ? ? 
290 5 4 4 2 1 4 4 4 28 ? ? 
291 1 1 2 1 1 1 1 1 9 10 4 
292 ? ? ? ? ? ? ? ? ? ? ? 
293 2 1 4 2 1 1 2 2 15 13 6 
294 1 1 2 3 1 1 2 4 15 ? ? 
295 1 2 2 2 1 2 2 4 16 16 4 
296 4 2 2 2 1 4 2 2 20 ? ? 
297 1 1 2 1 1 1 1 4 12 9 5 
298 4 2 1 1 4 4 4 4 24 ? ? 
299 2 1 1 2 1 1 1 1 10 ? ? 
300 1 2 1 3 1 4 2 1 15 14 3 
301 2 1 4 1 1 1 3 1 14 14 3 
302 ? ? ? ? ? ? ? ? ? 8 6 
303 1 1 1 1 1 1 2 4 12 11 4 
304 1 1 1 1 1 1 2 4 12 9 5 
305 4 1 1 1 1 1 2 1 12 12 3 
306 1 1 1 1 1 1 3 4 13 9 4 
307 2 1 2 2 1 1 4 1 14 16 4 
308 4 2 1 1 1 4 2 1 16 ? ? 
309 1 1 1 1 1 1 2 1 9 ? ? 
310 2 1 1 1 1 4 4 2 16 ? ? 
311 1 4 1 2 1 1 2 1 13 ? ? 
312 4 2 4 2 1 4 3 4 24 11 4 
313 2 ? ? ? 4 ? ? ? 6 ? ? 
314 4 1 2 1 1 1 1 1 12 13 3 
315 2 1 1 1 1 1 2 4 13 20 4 
316 1 1 2 5 1 2 2 4 18 ? ? 
317 1 2 4 2 1 1 2 1 14 14 2 
318 4 4 1 2 1 4 3 4 23 17 3 
319 1 1 1 1 1 1 1 4 11 ? ? 
320 ? ? ? ? ? ? ? ? ? ? ? 
321 1 2 1 2 1 1 2 4 14 ? ? 
322 1 1 2 1 2 1 2 2 12 12 3 
323 1 1 1 1 1 1 1 1 8 12 4 
324 1 2 4 2 1 1 3 2 16 ? ? 
325 1 1 1 2 1 1 3 1 11 ? ? 
326 1 1 1 1 1 2 2 4 13 10 4 
327 1 1 1 1 1 1 2 2 10 11 3 
328 1 1 1 3 1 4 2 1 14 14 2 
329 4 4 4 2 1 4 4 2 25 18 4 
330 2 1 1 1 1 1 1 1 9 13 3 
332 5 1 1 1 1 4 3 1 17 ? ? 
334 1 1 1 1 1 1 2 4 12 11 5 
335 3 1 1 2 1 1 2 1 12 10 5 
336 3 2 1 2 1 1 2 4 16 ? ? 
337 4 1 1 1 1 1 4 1 14 14 3 
338 4 1 4 1 1 1 2 1 15 11 5 
339 1 1 2 1 1 1 3 1 11 ? ? 
340 1 1 1 1 1 4 1 4 14 9 5 
341 1 1 1 2 1 4 3 4 17 ? ? 
342 1 1 4 1 1 1 1 4 14 ? ? 
343 1 1 1 2 1 1 1 4 12 15 4 
344 1 1 1 2 1 4 2 1 13 15 3 
345 1 4 2 1 1 4 2 1 16 ? ? 
346 1 1 1 2 1 4 3 2 15 15 3 
347 1 1 1 2 1 4 3 1 14 12 4 
348 4 1 1 1 1 1 3 1 13 ? ? 
350 4 1 1 1 1 1 2 4 15 ? ? 
351 2 1 4 2 1 1 3 4 18 15 2 
352 1 4 1 2 1 4 2 4 19 18 4 
353 4 2 1 1 1 1 2 1 13 9 5 
354 1 1 1 1 1 1 2 1 9 13 2 
355 1 1 4 3 1 4 2 4 20 15 4 
356 5 4 4 4 4 4 4 4 33 ? ? 
357 2 4 1 4 1 2 2 2 18 13 4 
358 1 1 4 2 1 1 2 1 13 14 5 
359 1 1 4 1 1 1 4 1 14 11 5 
360 2 1 1 2 1 1 3 1 12 11 4 
361 1 1 1 1 1 1 2 1 9 17 6 
362 1 1 2 1 1 3 2 1 12 10 6 
363 1 1 1 1 1 4 1 4 14 10 5 
364 ? ? ? ? ? ? ? ? ? ? ? 
365 1 1 1 2 1 1 2 1 10 ? ? 
366 1 4 1 2 1 1 1 2 13 9 4 
367 1 4 1 1 1 1 2 1 12 12 3 
368 2 1 1 1 1 4 ? 1 11 ? ? 
369 ? ? ? ? ? ? ? ? ? ? ? 
370 2 4 1 2 1 1 1 1 13 12 3 
371 1 1 1 2 1 1 1 1 9 17 4 
372 4 4 1 1 1 2 2 1 16 10 4 
373 2 1 4 1 1 1 2 4 16 ? ? 
374 ? ? ? ? ? ? ? ? ? ? ? 
375 1 2 4 3 1 4 4 1 20 24 2 
376 1 2 1 1 1 4 2 4 16 13 4 
377 4 2 4 1 1 1 4 2 19 ? ? 
378 1 1 1 1 1 4 2 1 12 9 4 
379 1 1 1 1 1 4 3 1 13 9 3 
380 2 2 2 2 1 1 1 1 12 15 6 
381 1 1 2 2 1 4 3 2 16 11 5 
382 4 1 2 2 1 1 2 4 17 10 4 
383 1 1 1 1 1 1 2 4 12 9 4 
384 4 4 4 2 2 4 3 4 27 21 4 
385 5 5 2 2 3 2 2 4 28 25 2 
386 1 4 4 1 1 1 1 2 15 ? ? 
387 4 4 1 2 1 4 4 4 24 18 4 
388 5 4 5 5 5 4 5 4 37 ? ? 
389 4 4 3 4 1 4 3 4 27 ? ? 
390 4 1 2 1 1 1 2 1 13 11 4 
391 2 1 4 1 1 4 4 4 21 11 5 
392 1 4 1 2 2 1 4 1 16 ? ? 
393 1 1 1 1 1 1 2 1 9 13 5 
394 1 1 4 2 1 1 2 1 13 11 2 
395 1 1 1 1 1 1 1 1 8 9 5 
397 1 1 1 2 1 1 1 1 9 ? ? 
399 1 1 1 1 1 2 2 1 10 10 5 
400 4 1 1 1 2 1 3 1 14 18 3 
