1 3
2 3
3 2
4 8
5 5
6 2
7 4
8 3
9 8
10 3
11 4
12 8
13 4
14 6
15 7
16 6
17 4
18 2
19 8
20 4
21 4
22 4
23 8
24 4
25 5
26 8
27 8
28 5
29 9
30 3
31 3
32 8
33 5
34 8
35 7
36 1
37 5
38 1
39 6
40 2
41 9
42 3
43 4
44 9
45 9
46 8
47 5
48 3
49 1
50 8
51 3
52 7
53 4
54 2
55 6
56 4
57 8
58 9
59 8
60 7
61 1
62 1
63 6
64 1
65 1
66 5
67 8
68 1
69 8
70 5
71 2
72 2
73 8
74 7
75 8
76 2
77 2
78 9
79 7
80 3
81 4
82 2
83 2
84 4
85 4
86 7
87 4
88 4
89 2
90 7
91 4
92 7
93 6
94 8
95 9
96 4
97 7
98 4
99 2
100 5
101 2
102 1
103 4
104 1
105 4
106 8
107 2
108 4
109 8
110 3
111 2
112 2
113 4
114 2
115 4
116 8
117 2
118 3
119 9
120 4
121 8
122 2
123 4
124 4
125 9
126 8
127 2
128 2
129 5
130 2
131 7
132 4
133 7
134 5
135 1
136 1
137 1
138 2
139 7
140 5
141 4
142 7
143 4
144 2
145 3
146 4
147 4
148 3
149 4
150 8
151 8
152 3
153 5
154 1
155 8
156 4
157 8
158 4
159 8
160 5
161 5
162 6
163 4
164 4
165 5
166 1
167 2
168 1
169 5
170 8
171 4
172 8
173 2
174 7
175 3
176 4
177 8
178 4
179 1
180 4
181 2
182 3
183 1
184 4
185 7
186 2
187 4
188 1
189 4
190 8
191 2
192 8
193 2
194 2
195 7
196 5
197 6
198 8
199 7
200 5
201 4
202 5
203 8
204 2
205 8
206 7
207 5
208 2
209 6
210 3
211 5
212 1
213 1
214 1
215 2
216 4
217 2
218 1
219 1
220 4
221 3
222 4
223 5
224 1
225 4
226 1
227 6
228 8
229 5
230 3
231 6
232 1
233 4
234 3
235 4
236 4
237 8
238 6
239 3
240 9
241 5
242 1
243 7
244 1
245 5
246 7
247 4
248 3
249 8
250 4
251 5
252 7
253 5
254 7
255 2
256 4
257 2
258 6
259 2
260 1
261 8
262 2
263 4
264 4
265 3
266 8
267 6
268 8
269 4
270 3
271 8
272 5
273 8
274 2
275 5
276 1
277 8
278 3
279 7
280 2
281 4
282 3
283 4
284 9
285 4
286 6
287 8
288 5
289 2
290 9
291 8
292 6
293 4
294 5
295 2
296 2
297 8
298 2
299 3
300 5
301 8
302 8
303 8
304 3
305 4
306 3
307 4
308 5
309 6
310 7
311 6
312 2
313 1
314 4
315 2
316 2
317 4
318 2
319 7
320 5
321 5
322 3
323 3
324 2
325 3
326 8
327 2
328 5
329 2
330 8
331 8
332 7
333 8
334 2
335 4
336 7
337 8
338 8
339 7
340 4
341 4
342 10
343 8
344 4
345 4
346 2
347 4
348 8
349 8
350 4
351 5
352 5
353 8
354 4
355 4
356 2
357 4
358 8
359 8
360 8
361 3
362 8
363 8
364 3
365 7
366 3
367 4
368 6
369 1
370 2
371 5
372 8
373 8
374 5
375 2
376 5
377 4
378 8
379 8
380 8
381 5
382 4
383 8
384 1
385 1
386 3
387 5
388 1
389 2
390 9
391 8
392 8
393 4
394 4
395 4
396 8
397 8
398 8
399 8
400 4